100
1 1
1 742
65 121
1 121
137 271
8 65
10 120
233 810
1 10
384 484
21 121
233 579
4 6
204 687
1 2
1 584
65 485
1 484
120 121
483 742
9 9
3 4
4 302
4 4
1 4
121 484
3 221
483 485
485 715
9 121
1 221
8 109
592 979
8 485
4 9
384 742
121 485
483 584
964 992
14 488
4 10
122 1000
483 484
3 10
360 765
65 302
319 359
121 302
7 9
306 687
519 705
384 485
827 973
120 485
3 104
223 910
3 9
237 432
464 876
861 991
21 302
847 964
254 895
353 672
9 10
3 109
203 997
21 221
86 212
3 65
779 783
4 65
4 109
1 9
8 122
303 584
1 5
356 396
3 5
567 896
7 65
65 221
3 6
122 483
1 6
1 104
229 465
1 302
42 543
1 101
7 122
233 843
21 742
1 1000
7 302
100 1000
1 485
585 650
45 953
150 450
