519
22 452 11 444
22 452 30 444
22 452 66 444
23 482 68 473
24 493 13 483
24 493 69 483
24 500 70 507
26 518 70 507
28 546 71 534
29 412 36 407
29 412 53 407
30 462 2 455
30 555 59 584
35 614 61 600
39 417 28 410
39 417 63 410
45 518 70 507
45 518 87 507
47 435 0 428
47 435 88 428
48 454 89 446
48 560 21 548
48 560 92 548
50 571 58 560
50 571 97 599
50 571 26 600
50 571 61 600
52 546 79 534
52 546 95 534
52 546 59 535
57 417 63 410
57 417 97 410
59 451 99 443
59 451 30 444
59 451 66 444
59 451 83 444
60 465 100 457
60 465 83 458
60 465 103 490
61 481 101 472
61 481 68 473
61 481 84 473
62 492 69 483
62 492 85 483
62 492 103 483
62 499 100 457
62 499 103 490
62 499 70 507
64 545 106 533
64 545 71 534
64 545 89 534
65 552 107 541
65 552 73 542
65 552 90 542
65 552 93 583
67 413 36 407
67 413 71 407
67 413 88 407
71 521 111 511
71 521 95 512
75 110 63 112
76 424 97 417
76 424 80 418
77 613 84 601
78 451 99 443
78 451 117 443
78 451 30 444
78 451 66 444
78 451 83 444
78 464 97 417
79 481 101 472
79 481 84 473
80 492 103 483
80 498 85 490
80 498 70 507
80 498 87 507
82 544 106 533
82 544 71 534
82 544 89 534
84 552 107 541
84 552 73 542
84 552 90 542
84 552 93 583
86 453 89 446
86 461 123 453
86 461 90 454
86 594 93 583
86 594 113 631
86 594 131 631
86 594 96 632
87 481 125 472
87 481 91 473
88 488 92 480
88 644 113 631
88 644 96 632
90 521 111 511
90 521 128 511
90 521 95 512
90 543 113 533
90 543 129 533
90 543 95 534
96 450 99 443
96 450 83 444
96 450 131 444
97 463 133 457
98 480 134 473
98 490 69 483
98 490 85 483
98 490 134 483
99 497 135 490
99 497 70 507
99 497 87 507
101 542 106 533
101 542 71 534
101 542 89 534
101 542 139 534
102 550 107 541
102 550 73 542
102 550 90 542
102 550 140 542
102 550 93 583
104 591 107 541
107 411 125 406
107 608 93 558
107 608 113 597
107 608 146 598
107 642 113 631
107 642 131 631
107 642 96 632
107 642 147 632
109 541 113 533
112 61 95 62
116 479 101 472
116 479 166 472
116 479 68 473
116 479 84 473
116 479 134 473
117 490 103 483
117 490 151 484
117 497 100 457
117 497 83 458
117 497 103 490
117 497 135 490
117 497 167 490
117 497 69 491
120 535 88 528
120 535 154 528
122 549 156 542
123 555 109 547
123 555 92 548
124 479 125 472
124 487 125 480
124 487 142 480
124 487 174 480
124 487 158 481
124 565 143 557
124 565 131 597
124 565 146 598
124 565 161 598
125 575 128 566
125 591 156 542
125 591 129 582
126 518 111 511
126 518 128 511
126 518 145 511
126 607 143 557
126 607 93 558
126 607 113 597
126 607 146 598
126 607 161 598
133 490 134 483
133 490 151 484
137 542 186 533
137 542 139 534
138 549 187 540
138 549 107 541
138 549 140 542
138 549 156 542
138 549 175 581
139 452 152 411
139 452 187 445
139 452 89 446
139 452 139 446
140 459 140 453
140 459 188 453
140 459 156 454
141 479 125 472
141 479 173 472
141 479 189 472
141 479 91 473
141 479 141 473
141 479 157 473
142 487 190 479
142 487 142 480
142 487 174 480
142 487 158 481
142 495 142 488
142 613 145 604
150 490 151 484
151 41 132 39
155 88 135 86
159 220 170 215
160 606 159 558
160 640 147 632
164 449 164 443
164 449 180 443
164 449 131 444
164 449 148 444
165 462 165 457
165 462 149 458
166 478 166 472
166 478 182 472
166 478 134 473
167 98 148 95
167 489 151 484
167 495 183 489
167 495 135 490
167 495 151 490
167 495 169 506
169 533 154 528
170 539 171 533
170 539 139 534
171 432 170 427
171 432 154 428
171 547 187 540
171 547 156 542
171 547 175 581
172 451 171 445
172 451 187 445
172 451 139 446
172 451 155 446
172 569 145 604
173 588 187 540
173 588 140 542
173 588 175 581
173 588 190 581
173 588 147 632
174 101 155 98
174 411 125 406
174 486 125 480
174 486 174 480
174 486 158 481
175 609 189 561
175 609 145 604
176 63 157 60
176 517 128 511
176 603 143 557
176 603 146 598
176 603 161 598
177 688 149 682
178 123 159 120
183 221 145 216
186 539 186 533
186 539 139 534
188 432 186 427
188 432 154 428
189 458 188 453
189 458 156 454
190 477 173 472
190 477 189 472
190 477 157 473
190 587 156 542
191 485 190 479
191 485 142 480
191 485 174 480
191 485 158 481
191 493 142 488
193 546 147 541
193 602 159 558
199 681 168 676
202 102 183 97
202 461 198 438
202 461 200 456
211 449 208 444
217 676 187 672
217 689 184 686
226 692 193 689
228 683 195 681
236 686 203 684
252 404 282 398
252 404 299 398
253 673 224 672
259 404 306 398
259 404 254 400
279 653 249 653
283 674 252 675
288 402 248 400
294 402 306 398
294 402 254 400
294 644 269 644
296 439 309 435
296 439 310 454
297 445 293 442
297 445 309 442
297 457 309 435
297 457 310 454
298 464 311 461
298 464 260 463
306 457 284 436
309 682 277 685
313 438 309 435
333 477 331 475
333 477 350 475
333 477 368 477
333 496 331 494
333 496 350 495
333 496 368 496
333 622 333 624
334 509 332 508
334 509 351 508
334 509 369 510
334 628 334 630
335 518 333 517
335 528 333 528
335 528 351 528
335 528 353 575
335 537 352 537
335 537 370 539
335 574 333 528
335 574 351 528
335 574 369 530
335 574 334 574
335 574 353 575
352 476 350 475
352 488 331 487
352 488 350 487
352 488 385 487
353 509 351 508
353 509 386 508
353 509 369 510
353 528 333 528
353 528 351 528
353 528 387 528
353 528 369 530
353 528 353 575
353 537 333 537
353 537 352 537
353 537 387 537
353 537 370 539
353 554 351 514
353 554 352 555
353 554 370 557
353 573 334 574
353 627 353 630
371 477 350 475
371 489 331 487
371 489 350 487
371 489 385 487
371 496 406 493
371 496 331 494
371 496 385 494
371 529 407 527
371 529 333 528
371 529 351 528
371 529 387 528
371 529 369 530
371 529 407 574
371 529 353 575
371 538 333 537
371 574 334 574
372 555 351 514
372 555 370 557
372 627 372 631
386 476 405 474
386 476 368 477
386 482 368 483
386 482 424 494
386 482 350 495
386 494 385 494
386 494 368 496
387 510 425 510
387 526 425 527
387 526 351 528
387 526 369 530
388 572 407 527
388 572 425 527
388 572 351 528
388 572 387 528
388 572 369 530
388 572 407 574
388 572 426 574
388 572 353 575
406 474 405 474
406 474 424 474
406 474 385 475
406 474 368 477
406 486 442 486
406 486 385 487
406 486 368 489
406 492 406 493
406 492 385 494
406 506 406 507
406 506 443 507
406 506 386 508
406 506 369 510
406 525 443 526
406 525 407 527
406 525 425 527
406 525 387 528
406 525 369 530
406 525 444 571
406 525 407 574
406 525 426 574
406 534 407 536
406 534 387 537
406 551 406 513
406 551 444 551
406 551 407 554
406 551 426 554
406 551 387 555
406 551 370 557
406 570 443 526
406 570 407 527
406 570 425 527
406 570 369 530
406 570 444 571
406 570 407 574
406 570 426 574
406 623 408 629
423 474 405 474
423 474 424 474
423 474 441 474
423 474 385 475
423 480 405 480
423 480 441 480
423 480 462 480
423 492 385 494
424 508 425 510
424 524 443 526
424 524 463 526
424 524 425 527
424 524 463 573
424 533 407 536
424 533 426 536
424 533 387 537
424 555 463 558
424 569 443 526
424 569 463 526
424 569 425 527
424 569 463 573
424 569 426 574
439 473 481 472
439 473 462 473
439 473 405 474
439 473 424 474
440 507 425 510
440 523 481 524
440 523 443 526
440 523 463 526
440 523 407 527
440 523 425 527
440 547 444 551
440 547 407 554
440 547 426 554
440 565 481 524
440 565 443 526
440 565 463 526
440 565 425 527
440 565 481 571
440 565 463 573
457 618 463 627
458 473 441 474
458 484 424 486
458 484 462 486
458 491 442 493
458 491 462 493
458 491 424 494
458 506 425 510
458 522 443 526
458 522 425 527
458 548 444 551
458 548 426 554
458 567 443 526
458 567 463 526
458 567 425 527
458 567 444 571
458 567 481 571
458 567 463 573
458 567 426 574
474 564 481 524
474 564 443 526
474 564 425 527
474 564 481 571
474 564 463 573
474 564 426 574
475 470 462 473
475 482 481 484
475 482 442 486
475 482 462 486
475 489 442 493
475 489 462 493
475 504 425 510
475 520 481 524
475 520 443 526
475 520 463 526
475 520 425 527
475 529 481 534
475 529 463 536
475 542 425 510
475 550 481 556
475 550 463 558
477 422 483 421
514 155 512 133
518 87 516 60
531 77 531 48
534 228 536 211
563 139 567 113
564 105 567 76
565 87 568 56
627 627 645 649
629 398 644 396
660 71 666 31
666 597 692 618
669 474 694 481
685 397 713 395
704 397 713 395
760 504 732 527
855 114 806 116
890 89 895 80
