71
150 231 156 231
172 57 215 77
181 264 156 231
184 58 227 78
239 33 275 45
239 33 215 77
255 251 250 291
256 34 292 46
256 34 227 78
274 273 244 277
274 273 278 306
300 44 337 59
300 94 347 119
300 168 347 119
311 156 272 162
312 69 354 90
324 48 361 63
327 94 371 119
341 69 381 89
343 34 376 45
349 45 384 59
360 33 392 43
388 127 430 154
388 191 430 154
388 191 348 190
388 191 438 221
389 106 371 119
389 106 428 130
396 118 436 145
402 134 443 161
407 141 448 168
415 58 376 45
415 58 445 73
427 57 392 43
427 57 455 72
435 159 472 186
436 151 472 177
438 100 469 122
439 219 487 235
444 129 477 154
445 189 483 216
446 246 488 271
447 89 445 73
447 89 476 109
448 110 478 133
449 209 487 235
449 231 490 256
459 199 501 215
459 199 494 225
464 109 491 131
467 211 501 236
468 129 496 153
468 129 505 163
468 129 514 173
469 189 501 215
470 154 500 180
478 139 487 143
478 139 496 153
478 139 505 163
478 139 514 173
488 149 487 143
488 149 496 153
488 149 505 163
488 149 514 173
488 169 515 194
488 169 508 204
488 169 501 215
498 159 522 183
525 138 543 160
533 128 548 149
572 160 579 180

