100
23 182 27 175
25 213 27 206
28 203 31 196
46 354 39 348
48 300 45 294
53 213 55 208
55 183 59 178
70 354 63 349
77 300 74 296
85 86 59 178
86 109 95 106
86 127 183 101
86 127 94 124
94 134 101 132
107 87 117 86
116 235 117 234
118 354 111 353
128 110 137 110
139 138 146 138
140 174 145 175
140 199 143 200
152 308 148 309
152 346 146 347
153 159 59 178
154 108 163 109
169 92 179 94
169 130 177 132
173 98 183 101
175 213 177 216
179 247 179 250
192 129 200 133
212 223 213 228
216 129 177 132
216 129 224 135
235 99 244 106
239 91 249 98
239 129 247 136
246 104 255 112
247 319 242 326
255 121 263 129
257 319 252 327
258 101 267 110
260 128 268 137
272 328 266 337
285 212 287 222
286 167 291 177
295 120 303 131
301 130 308 141
307 107 316 119
308 87 318 99
311 130 318 142
328 133 335 146
330 88 340 101
330 122 338 135
335 114 343 128
335 328 329 341
339 128 346 142
339 173 343 187
359 100 368 115
366 214 368 229
367 328 362 343
372 99 381 115
372 145 378 161
383 328 377 344
402 147 408 165
402 328 396 346
403 82 413 100
404 161 368 229
408 100 417 118
421 202 423 221
431 202 433 222
456 152 460 191
456 169 460 191
464 150 470 172
471 352 463 374
472 336 465 358
485 259 483 282
486 231 486 254
487 150 491 191
489 339 482 362
496 276 500 219
501 323 495 347
501 323 494 365
501 341 495 347
501 341 494 365
502 335 495 359
502 351 494 375
504 230 504 254
504 259 502 283
518 354 510 379
521 166 526 192
526 94 535 120
528 272 526 298
544 191 546 218
549 351 541 378
556 235 556 263
557 272 554 300
564 301 502 283
564 301 559 329
565 273 562 301
