33
388 182 5 0 5 1
401 258 5 0 4 1
412 334 5 0 3 1
422 405 5 0 2 1
429 478 5 0 1 1
442 168 4 0 5 1
450 592 6 1 0 1
462 311 4 0 3 1
475 448 4 0 1 1
499 553 5 1 0 1
542 519 4 1 0 1
554 574 5 2 0 1
582 640 6 3 0 1
601 536 4 2 0 1 
627 594 5 3 0 1
665 554 4 3 0 1
694 618 5 4 0 1
699 519 3 3 0 1
721 126 0 2 5 1
729 575 4 4 0 1
774 643 5 5 0 1
779 257 0 3 3 1
780 127 0 3 5 1
783 195 0 3 4 1
806 596 4 5 0 1
838 553 3 5 0 1
846 199 0 4 4 1
847 266 0 4 3 1
852 128 0 4 5 1
863 670 5 6 0 1
912 272 0 5 3 1
920 203 0 5 4 1
925 126 0 5 5 1
















